predict: i= 0
5.62469e-05 -3.5628e-07  -8.907e-08
-3.5628e-07 1.54244e-05 3.85609e-06
 -8.907e-08 3.85609e-06 9.64023e-07
0.0749971
-0.00065449
-0.000163624
observe: i= 0
5.62469e-05 -3.5628e-07  -8.907e-08
-3.5628e-07 1.54244e-05 3.85609e-06
 -8.907e-08 3.85609e-06 9.64023e-07
0.0749971
-0.00065449
-0.000163624
predict: i= 1
5.62469e-05 -3.5628e-07  -8.907e-08
-3.5628e-07 1.54244e-05 3.85609e-06
 -8.907e-08 3.85609e-06 9.64023e-07
0.0749971
-0.00065449
-0.000163624
observe: i= 1
5.62469e-05 -3.5628e-07  -8.907e-08
-3.5628e-07 1.54244e-05 3.85609e-06
 -8.907e-08 3.85609e-06 9.64023e-07
0.0749971
-0.00065449
-0.000163624
predict: i= 2
5.62469e-05 -3.5628e-07  -8.907e-08
-3.5628e-07 1.54244e-05 3.85609e-06
 -8.907e-08 3.85609e-06 9.64023e-07
0.0749971
-0.00065449
-0.000163624
observe: i= 2
5.62469e-05 -3.5628e-07  -8.907e-08
-3.5628e-07 1.54244e-05 3.85609e-06
 -8.907e-08 3.85609e-06 9.64023e-07
0.0749971
-0.00065449
-0.000163624
predict: i= 3
5.62469e-05 -3.5628e-07  -8.907e-08
-3.5628e-07 1.54244e-05 3.85609e-06
 -8.907e-08 3.85609e-06 9.64023e-07
0.0749971
-0.00065449
-0.000163624
observe: i= 3
5.62469e-05 -3.5628e-07  -8.907e-08
-3.5628e-07 1.54244e-05 3.85609e-06
 -8.907e-08 3.85609e-06 9.64023e-07
0.0749971
-0.00065449
-0.000163624
predict: i= 4
5.62469e-05 -3.5628e-07  -8.907e-08
-3.5628e-07 1.54244e-05 3.85609e-06
 -8.907e-08 3.85609e-06 9.64023e-07
0.0749971
-0.00065449
-0.000163624
observe: i= 4
5.62469e-05 -3.5628e-07  -8.907e-08
-3.5628e-07 1.54244e-05 3.85609e-06
 -8.907e-08 3.85609e-06 9.64023e-07
0.0749971
-0.00065449
-0.000163624
predict: i= 5
5.62469e-05 -3.5628e-07  -8.907e-08
-3.5628e-07 1.54244e-05 3.85609e-06
 -8.907e-08 3.85609e-06 9.64023e-07
0.0749971
-0.00065449
-0.000163624
observe: i= 5
5.62469e-05 -3.5628e-07  -8.907e-08
-3.5628e-07 1.54244e-05 3.85609e-06
 -8.907e-08 3.85609e-06 9.64023e-07
0.0749971
-0.00065449
-0.000163624
predict: i= 6
5.62469e-05 -3.5628e-07  -8.907e-08
-3.5628e-07 1.54244e-05 3.85609e-06
 -8.907e-08 3.85609e-06 9.64023e-07
0.0749971
-0.00065449
-0.000163624
observe: i= 6
5.62469e-05 -3.5628e-07  -8.907e-08
-3.5628e-07 1.54244e-05 3.85609e-06
 -8.907e-08 3.85609e-06 9.64023e-07
0.0749971
-0.00065449
-0.000163624
predict: i= 7
5.62469e-05 -3.5628e-07  -8.907e-08
-3.5628e-07 1.54244e-05 3.85609e-06
 -8.907e-08 3.85609e-06 9.64023e-07
0.0749971
-0.00065449
-0.000163624
observe: i= 7
5.62469e-05 -3.5628e-07  -8.907e-08
-3.5628e-07 1.54244e-05 3.85609e-06
 -8.907e-08 3.85609e-06 9.64023e-07
0.0749971
-0.00065449
-0.000163624
predict: i= 8
5.62469e-05 -3.5628e-07  -8.907e-08
-3.5628e-07 1.54244e-05 3.85609e-06
 -8.907e-08 3.85609e-06 9.64023e-07
0.0749971
-0.00065449
-0.000163624
observe: i= 8
5.62469e-05 -3.5628e-07  -8.907e-08
-3.5628e-07 1.54244e-05 3.85609e-06
 -8.907e-08 3.85609e-06 9.64023e-07
0.0749971
-0.00065449
-0.000163624
predict: i= 9
5.62469e-05 -3.5628e-07  -8.907e-08
-3.5628e-07 1.54244e-05 3.85609e-06
 -8.907e-08 3.85609e-06 9.64023e-07
0.0749971
-0.00065449
-0.000163624
observe: i= 9
5.62469e-05 -3.5628e-07  -8.907e-08
-3.5628e-07 1.54244e-05 3.85609e-06
 -8.907e-08 3.85609e-06 9.64023e-07
0.0749971
-0.00065449
-0.000163624
predict: i= 10
5.62469e-05 -3.5628e-07  -8.907e-08
-3.5628e-07 1.54244e-05 3.85609e-06
 -8.907e-08 3.85609e-06 9.64023e-07
0.0749971
-0.00065449
-0.000163624
observe: i= 10
5.62469e-05 -3.5628e-07  -8.907e-08
-3.5628e-07 1.54244e-05 3.85609e-06
 -8.907e-08 3.85609e-06 9.64023e-07
0.0749971
-0.00065449
-0.000163624
predict: i= 11
5.62469e-05 -3.5628e-07  -8.907e-08
-3.5628e-07 1.54244e-05 3.85609e-06
 -8.907e-08 3.85609e-06 9.64023e-07
0.0749971
-0.00065449
-0.000163624
observe: i= 11
5.62469e-05 -3.5628e-07  -8.907e-08
-3.5628e-07 1.54244e-05 3.85609e-06
 -8.907e-08 3.85609e-06 9.64023e-07
0.0749971
-0.00065449
-0.000163624
predict: i= 12
5.62469e-05 -3.5628e-07  -8.907e-08
-3.5628e-07 1.54244e-05 3.85609e-06
 -8.907e-08 3.85609e-06 9.64023e-07
0.0749971
-0.00065449
-0.000163624
observe: i= 12
5.62469e-05 -3.5628e-07  -8.907e-08
-3.5628e-07 1.54244e-05 3.85609e-06
 -8.907e-08 3.85609e-06 9.64023e-07
0.0749971
-0.00065449
-0.000163624
predict: i= 13
5.62469e-05 -3.5628e-07  -8.907e-08
-3.5628e-07 1.54244e-05 3.85609e-06
 -8.907e-08 3.85609e-06 9.64023e-07
0.0749971
-0.00065449
-0.000163624
observe: i= 13
5.62469e-05 -3.5628e-07  -8.907e-08
-3.5628e-07 1.54244e-05 3.85609e-06
 -8.907e-08 3.85609e-06 9.64023e-07
0.0749971
-0.00065449
-0.000163624
predict: i= 14
5.62469e-05 -3.5628e-07  -8.907e-08
-3.5628e-07 1.54244e-05 3.85609e-06
 -8.907e-08 3.85609e-06 9.64023e-07
0.0749971
-0.00065449
-0.000163624
observe: i= 14
5.62469e-05 -3.5628e-07  -8.907e-08
-3.5628e-07 1.54244e-05 3.85609e-06
 -8.907e-08 3.85609e-06 9.64023e-07
0.0749971
-0.00065449
-0.000163624
predict: i= 15
5.62469e-05 -3.5628e-07  -8.907e-08
-3.5628e-07 1.54244e-05 3.85609e-06
 -8.907e-08 3.85609e-06 9.64023e-07
0.0749971
-0.00065449
-0.000163624
observe: i= 15
5.62469e-05 -3.5628e-07  -8.907e-08
-3.5628e-07 1.54244e-05 3.85609e-06
 -8.907e-08 3.85609e-06 9.64023e-07
0.0749971
-0.00065449
-0.000163624
predict: i= 16
5.62469e-05 -3.5628e-07  -8.907e-08
-3.5628e-07 1.54244e-05 3.85609e-06
 -8.907e-08 3.85609e-06 9.64023e-07
0.0749971
-0.00065449
-0.000163624
observe: i= 16
5.62469e-05 -3.5628e-07  -8.907e-08
-3.5628e-07 1.54244e-05 3.85609e-06
 -8.907e-08 3.85609e-06 9.64023e-07
0.0749971
-0.00065449
-0.000163624
predict: i= 17
5.62469e-05 -3.5628e-07  -8.907e-08
-3.5628e-07 1.54244e-05 3.85609e-06
 -8.907e-08 3.85609e-06 9.64023e-07
0.0749971
-0.00065449
-0.000163624
observe: i= 17
5.62469e-05 -3.5628e-07  -8.907e-08
-3.5628e-07 1.54244e-05 3.85609e-06
 -8.907e-08 3.85609e-06 9.64023e-07
0.0749971
-0.00065449
-0.000163624
predict: i= 18
5.62469e-05 -3.5628e-07  -8.907e-08
-3.5628e-07 1.54244e-05 3.85609e-06
 -8.907e-08 3.85609e-06 9.64023e-07
0.0749971
-0.00065449
-0.000163624
observe: i= 18
5.62469e-05 -3.5628e-07  -8.907e-08
-3.5628e-07 1.54244e-05 3.85609e-06
 -8.907e-08 3.85609e-06 9.64023e-07
0.0749971
-0.00065449
-0.000163624
predict: i= 19
5.62469e-05 -3.5628e-07  -8.907e-08
-3.5628e-07 1.54244e-05 3.85609e-06
 -8.907e-08 3.85609e-06 9.64023e-07
0.0749971
-0.00065449
-0.000163624
observe: i= 19
5.62469e-05 -3.5628e-07  -8.907e-08
-3.5628e-07 1.54244e-05 3.85609e-06
 -8.907e-08 3.85609e-06 9.64023e-07
0.0749971
-0.00065449
-0.000163624
predict: i= 20
5.62469e-05 -3.5628e-07  -8.907e-08
-3.5628e-07 1.54244e-05 3.85609e-06
 -8.907e-08 3.85609e-06 9.64023e-07
0.0749971
-0.00065449
-0.000163624
observe: i= 20
5.62469e-05 -3.5628e-07  -8.907e-08
-3.5628e-07 1.54244e-05 3.85609e-06
 -8.907e-08 3.85609e-06 9.64023e-07
0.0749971
-0.00065449
-0.000163624
predict: i= 21
5.62469e-05 -3.5628e-07  -8.907e-08
-3.5628e-07 1.54244e-05 3.85609e-06
 -8.907e-08 3.85609e-06 9.64023e-07
0.0749971
-0.00065449
-0.000163624
observe: i= 21
5.62469e-05 -3.5628e-07  -8.907e-08
-3.5628e-07 1.54244e-05 3.85609e-06
 -8.907e-08 3.85609e-06 9.64023e-07
0.0749971
-0.00065449
-0.000163624
predict: i= 22
5.62469e-05 -3.5628e-07  -8.907e-08
-3.5628e-07 1.54244e-05 3.85609e-06
 -8.907e-08 3.85609e-06 9.64023e-07
0.0749971
-0.00065449
-0.000163624
observe: i= 22
5.62469e-05 -3.5628e-07  -8.907e-08
-3.5628e-07 1.54244e-05 3.85609e-06
 -8.907e-08 3.85609e-06 9.64023e-07
0.0749971
-0.00065449
-0.000163624
predict: i= 23
5.62469e-05 -3.5628e-07  -8.907e-08
-3.5628e-07 1.54244e-05 3.85609e-06
 -8.907e-08 3.85609e-06 9.64023e-07
0.0749971
-0.00065449
-0.000163624
observe: i= 23
5.62469e-05 -3.5628e-07  -8.907e-08
-3.5628e-07 1.54244e-05 3.85609e-06
 -8.907e-08 3.85609e-06 9.64023e-07
0.0749971
-0.00065449
-0.000163624
predict: i= 24
5.62469e-05 -3.5628e-07  -8.907e-08
-3.5628e-07 1.54244e-05 3.85609e-06
 -8.907e-08 3.85609e-06 9.64023e-07
0.0749971
-0.00065449
-0.000163624
observe: i= 24
5.62469e-05 -3.5628e-07  -8.907e-08
-3.5628e-07 1.54244e-05 3.85609e-06
 -8.907e-08 3.85609e-06 9.64023e-07
0.0749971
-0.00065449
-0.000163624
predict: i= 25
5.62469e-05 -3.5628e-07  -8.907e-08
-3.5628e-07 1.54244e-05 3.85609e-06
 -8.907e-08 3.85609e-06 9.64023e-07
0.0749971
-0.00065449
-0.000163624
observe: i= 25
5.62469e-05 -3.5628e-07  -8.907e-08
-3.5628e-07 1.54244e-05 3.85609e-06
 -8.907e-08 3.85609e-06 9.64023e-07
0.0749971
-0.00065449
-0.000163624
predict: i= 26
5.62469e-05 -3.5628e-07  -8.907e-08
-3.5628e-07 1.54244e-05 3.85609e-06
 -8.907e-08 3.85609e-06 9.64023e-07
0.0749971
-0.00065449
-0.000163624
observe: i= 26
5.62469e-05 -3.5628e-07  -8.907e-08
-3.5628e-07 1.54244e-05 3.85609e-06
 -8.907e-08 3.85609e-06 9.64023e-07
0.0749971
-0.00065449
-0.000163624
predict: i= 27
5.62469e-05 -3.5628e-07  -8.907e-08
-3.5628e-07 1.54244e-05 3.85609e-06
 -8.907e-08 3.85609e-06 9.64023e-07
0.0749971
-0.00065449
-0.000163624
observe: i= 27
5.62469e-05 -3.5628e-07  -8.907e-08
-3.5628e-07 1.54244e-05 3.85609e-06
 -8.907e-08 3.85609e-06 9.64023e-07
0.0749971
-0.00065449
-0.000163624
predict: i= 28
5.62469e-05 -3.5628e-07  -8.907e-08
-3.5628e-07 1.54244e-05 3.85609e-06
 -8.907e-08 3.85609e-06 9.64023e-07
0.0749971
-0.00065449
-0.000163624
observe: i= 28
5.62469e-05 -3.5628e-07  -8.907e-08
-3.5628e-07 1.54244e-05 3.85609e-06
 -8.907e-08 3.85609e-06 9.64023e-07
0.0749971
-0.00065449
-0.000163624
predict: i= 29
5.62469e-05 -3.5628e-07  -8.907e-08
-3.5628e-07 1.54244e-05 3.85609e-06
 -8.907e-08 3.85609e-06 9.64023e-07
0.0749971
-0.00065449
-0.000163624
observe: i= 29
5.62469e-05 -3.5628e-07  -8.907e-08
-3.5628e-07 1.54244e-05 3.85609e-06
 -8.907e-08 3.85609e-06 9.64023e-07
0.0749971
-0.00065449
-0.000163624
predict: i= 30
5.62469e-05 -3.5628e-07  -8.907e-08
-3.5628e-07 1.54244e-05 3.85609e-06
 -8.907e-08 3.85609e-06 9.64023e-07
0.0749971
-0.00065449
-0.000163624
observe: i= 30
5.62469e-05 -3.5628e-07  -8.907e-08
-3.5628e-07 1.54244e-05 3.85609e-06
 -8.907e-08 3.85609e-06 9.64023e-07
0.0749971
-0.00065449
-0.000163624
predict: i= 31
5.62469e-05 -3.5628e-07  -8.907e-08
-3.5628e-07 1.54244e-05 3.85609e-06
 -8.907e-08 3.85609e-06 9.64023e-07
0.0749971
-0.00065449
-0.000163624
observe: i= 31
5.62469e-05 -3.5628e-07  -8.907e-08
-3.5628e-07 1.54244e-05 3.85609e-06
 -8.907e-08 3.85609e-06 9.64023e-07
0.0749971
-0.00065449
-0.000163624
predict: i= 32
5.62469e-05 -3.5628e-07  -8.907e-08
-3.5628e-07 1.54244e-05 3.85609e-06
 -8.907e-08 3.85609e-06 9.64023e-07
0.0749971
-0.00065449
-0.000163624
observe: i= 32
5.62469e-05 -3.5628e-07  -8.907e-08
-3.5628e-07 1.54244e-05 3.85609e-06
 -8.907e-08 3.85609e-06 9.64023e-07
0.0749971
-0.00065449
-0.000163624
predict: i= 33
5.62469e-05 -3.5628e-07  -8.907e-08
-3.5628e-07 1.54244e-05 3.85609e-06
 -8.907e-08 3.85609e-06 9.64023e-07
0.0749971
-0.00065449
-0.000163624
observe: i= 33
5.62469e-05 -3.5628e-07  -8.907e-08
-3.5628e-07 1.54244e-05 3.85609e-06
 -8.907e-08 3.85609e-06 9.64023e-07
0.0749971
-0.00065449
-0.000163624
predict: i= 34
5.62469e-05 -3.5628e-07  -8.907e-08
-3.5628e-07 1.54244e-05 3.85609e-06
 -8.907e-08 3.85609e-06 9.64023e-07
0.0749971
-0.00065449
-0.000163624
observe: i= 34
5.62469e-05 -3.5628e-07  -8.907e-08
-3.5628e-07 1.54244e-05 3.85609e-06
 -8.907e-08 3.85609e-06 9.64023e-07
0.0749971
-0.00065449
-0.000163624
predict: i= 35
5.62469e-05 -3.5628e-07  -8.907e-08
-3.5628e-07 1.54244e-05 3.85609e-06
 -8.907e-08 3.85609e-06 9.64023e-07
0.0749971
-0.00065449
-0.000163624
observe: i= 35
5.62469e-05 -3.5628e-07  -8.907e-08
-3.5628e-07 1.54244e-05 3.85609e-06
 -8.907e-08 3.85609e-06 9.64023e-07
0.0749971
-0.00065449
-0.000163624
predict: i= 36
5.62469e-05 -3.5628e-07  -8.907e-08
-3.5628e-07 1.54244e-05 3.85609e-06
 -8.907e-08 3.85609e-06 9.64023e-07
0.0749971
-0.00065449
-0.000163624
observe: i= 36
5.62469e-05 -3.5628e-07  -8.907e-08
-3.5628e-07 1.54244e-05 3.85609e-06
 -8.907e-08 3.85609e-06 9.64023e-07
0.0749971
-0.00065449
-0.000163624
predict: i= 37
5.62469e-05 -3.5628e-07  -8.907e-08
-3.5628e-07 1.54244e-05 3.85609e-06
 -8.907e-08 3.85609e-06 9.64023e-07
0.0749971
-0.00065449
-0.000163624
observe: i= 37
5.62469e-05 -3.5628e-07  -8.907e-08
-3.5628e-07 1.54244e-05 3.85609e-06
 -8.907e-08 3.85609e-06 9.64023e-07
0.0749971
-0.00065449
-0.000163624
predict: i= 38
5.62469e-05 -3.5628e-07  -8.907e-08
-3.5628e-07 1.54244e-05 3.85609e-06
 -8.907e-08 3.85609e-06 9.64023e-07
0.0749971
-0.00065449
-0.000163624
observe: i= 38
5.62469e-05 -3.5628e-07  -8.907e-08
-3.5628e-07 1.54244e-05 3.85609e-06
 -8.907e-08 3.85609e-06 9.64023e-07
0.0749971
-0.00065449
-0.000163624
predict: i= 39
5.62469e-05 -3.5628e-07  -8.907e-08
-3.5628e-07 1.54244e-05 3.85609e-06
 -8.907e-08 3.85609e-06 9.64023e-07
0.0749971
-0.00065449
-0.000163624
observe: i= 39
5.62469e-05 -3.5628e-07  -8.907e-08
-3.5628e-07 1.54244e-05 3.85609e-06
 -8.907e-08 3.85609e-06 9.64023e-07
0.0749971
-0.00065449
-0.000163624
predict: i= 40
5.62469e-05 -3.5628e-07  -8.907e-08
-3.5628e-07 1.54244e-05 3.85609e-06
 -8.907e-08 3.85609e-06 9.64023e-07
0.0749971
-0.00065449
-0.000163624
observe: i= 40
5.62469e-05 -3.5628e-07  -8.907e-08
-3.5628e-07 1.54244e-05 3.85609e-06
 -8.907e-08 3.85609e-06 9.64023e-07
0.0749971
-0.00065449
-0.000163624
predict: i= 41
5.62469e-05 -3.5628e-07  -8.907e-08
-3.5628e-07 1.54244e-05 3.85609e-06
 -8.907e-08 3.85609e-06 9.64023e-07
0.0749971
-0.00065449
-0.000163624
observe: i= 41
5.62469e-05 -3.5628e-07  -8.907e-08
-3.5628e-07 1.54244e-05 3.85609e-06
 -8.907e-08 3.85609e-06 9.64023e-07
0.0749971
-0.00065449
-0.000163624
predict: i= 42
5.62469e-05 -3.5628e-07  -8.907e-08
-3.5628e-07 1.54244e-05 3.85609e-06
 -8.907e-08 3.85609e-06 9.64023e-07
0.0749971
-0.00065449
-0.000163624
observe: i= 42
5.62469e-05 -3.5628e-07  -8.907e-08
-3.5628e-07 1.54244e-05 3.85609e-06
 -8.907e-08 3.85609e-06 9.64023e-07
0.0749971
-0.00065449
-0.000163624
predict: i= 43
5.62469e-05 -3.5628e-07  -8.907e-08
-3.5628e-07 1.54244e-05 3.85609e-06
 -8.907e-08 3.85609e-06 9.64023e-07
0.0749971
-0.00065449
-0.000163624
observe: i= 43
5.62469e-05 -3.5628e-07  -8.907e-08
-3.5628e-07 1.54244e-05 3.85609e-06
 -8.907e-08 3.85609e-06 9.64023e-07
0.0749971
-0.00065449
-0.000163624
predict: i= 44
5.62469e-05 -3.5628e-07  -8.907e-08
-3.5628e-07 1.54244e-05 3.85609e-06
 -8.907e-08 3.85609e-06 9.64023e-07
0.0749971
-0.00065449
-0.000163624
observe: i= 44
5.62469e-05 -3.5628e-07  -8.907e-08
-3.5628e-07 1.54244e-05 3.85609e-06
 -8.907e-08 3.85609e-06 9.64023e-07
0.0749971
-0.00065449
-0.000163624
predict: i= 45
5.62469e-05 -3.5628e-07  -8.907e-08
-3.5628e-07 1.54244e-05 3.85609e-06
 -8.907e-08 3.85609e-06 9.64023e-07
0.0749971
-0.00065449
-0.000163624
observe: i= 45
5.62469e-05 -3.5628e-07  -8.907e-08
-3.5628e-07 1.54244e-05 3.85609e-06
 -8.907e-08 3.85609e-06 9.64023e-07
0.0749971
-0.00065449
-0.000163624
predict: i= 46
5.62469e-05 -3.5628e-07  -8.907e-08
-3.5628e-07 1.54244e-05 3.85609e-06
 -8.907e-08 3.85609e-06 9.64023e-07
0.0749971
-0.00065449
-0.000163624
observe: i= 46
5.62469e-05 -3.5628e-07  -8.907e-08
-3.5628e-07 1.54244e-05 3.85609e-06
 -8.907e-08 3.85609e-06 9.64023e-07
0.0749971
-0.00065449
-0.000163624
predict: i= 47
5.62469e-05 -3.5628e-07  -8.907e-08
-3.5628e-07 1.54244e-05 3.85609e-06
 -8.907e-08 3.85609e-06 9.64023e-07
0.0749971
-0.00065449
-0.000163624
observe: i= 47
5.62469e-05 -3.5628e-07  -8.907e-08
-3.5628e-07 1.54244e-05 3.85609e-06
 -8.907e-08 3.85609e-06 9.64023e-07
0.0749971
-0.00065449
-0.000163624
predict: i= 48
5.62469e-05 -3.5628e-07  -8.907e-08
-3.5628e-07 1.54244e-05 3.85609e-06
 -8.907e-08 3.85609e-06 9.64023e-07
0.0749971
-0.00065449
-0.000163624
observe: i= 48
5.62469e-05 -3.5628e-07  -8.907e-08
-3.5628e-07 1.54244e-05 3.85609e-06
 -8.907e-08 3.85609e-06 9.64023e-07
0.0749971
-0.00065449
-0.000163624
predict: i= 49
5.62469e-05 -3.5628e-07  -8.907e-08
-3.5628e-07 1.54244e-05 3.85609e-06
 -8.907e-08 3.85609e-06 9.64023e-07
0.0749971
-0.00065449
-0.000163624
observe: i= 49
5.62469e-05 -3.5628e-07  -8.907e-08
-3.5628e-07 1.54244e-05 3.85609e-06
 -8.907e-08 3.85609e-06 9.64023e-07
0.0749971
-0.00065449
-0.000163624
predict: i= 50
5.62469e-05 -3.5628e-07  -8.907e-08
-3.5628e-07 1.54244e-05 3.85609e-06
 -8.907e-08 3.85609e-06 9.64023e-07
0.0749971
-0.00065449
-0.000163624
observe: i= 50
5.62469e-05 -3.5628e-07  -8.907e-08
-3.5628e-07 1.54244e-05 3.85609e-06
 -8.907e-08 3.85609e-06 9.64023e-07
0.0749971
-0.00065449
-0.000163624
predict: i= 51
5.62469e-05 -3.5628e-07  -8.907e-08
-3.5628e-07 1.54244e-05 3.85609e-06
 -8.907e-08 3.85609e-06 9.64023e-07
0.0749971
-0.00065449
-0.000163624
observe: i= 51
5.62469e-05 -3.5628e-07  -8.907e-08
-3.5628e-07 1.54244e-05 3.85609e-06
 -8.907e-08 3.85609e-06 9.64023e-07
0.0749971
-0.00065449
-0.000163624
predict: i= 52
5.62469e-05 -3.5628e-07  -8.907e-08
-3.5628e-07 1.54244e-05 3.85609e-06
 -8.907e-08 3.85609e-06 9.64023e-07
0.0749971
-0.00065449
-0.000163624
observe: i= 52
5.62469e-05 -3.5628e-07  -8.907e-08
-3.5628e-07 1.54244e-05 3.85609e-06
 -8.907e-08 3.85609e-06 9.64023e-07
0.0749971
-0.00065449
-0.000163624
predict: i= 53
5.62469e-05 -3.5628e-07  -8.907e-08
-3.5628e-07 1.54244e-05 3.85609e-06
 -8.907e-08 3.85609e-06 9.64023e-07
0.0749971
-0.00065449
-0.000163624
observe: i= 53
5.62469e-05 -3.5628e-07  -8.907e-08
-3.5628e-07 1.54244e-05 3.85609e-06
 -8.907e-08 3.85609e-06 9.64023e-07
0.0749971
-0.00065449
-0.000163624
predict: i= 54
5.62469e-05 -3.5628e-07  -8.907e-08
-3.5628e-07 1.54244e-05 3.85609e-06
 -8.907e-08 3.85609e-06 9.64023e-07
0.0749971
-0.00065449
-0.000163624
observe: i= 54
5.62469e-05 -3.5628e-07  -8.907e-08
-3.5628e-07 1.54244e-05 3.85609e-06
 -8.907e-08 3.85609e-06 9.64023e-07
0.0749971
-0.00065449
-0.000163624
predict: i= 55
5.62469e-05 -3.5628e-07  -8.907e-08
-3.5628e-07 1.54244e-05 3.85609e-06
 -8.907e-08 3.85609e-06 9.64023e-07
0.0749971
-0.00065449
-0.000163624
observe: i= 55
5.62469e-05 -3.5628e-07  -8.907e-08
-3.5628e-07 1.54244e-05 3.85609e-06
 -8.907e-08 3.85609e-06 9.64023e-07
0.0749971
-0.00065449
-0.000163624
predict: i= 56
5.62469e-05 -3.5628e-07  -8.907e-08
-3.5628e-07 1.54244e-05 3.85609e-06
 -8.907e-08 3.85609e-06 9.64023e-07
0.0749971
-0.00065449
-0.000163624
observe: i= 56
5.62469e-05 -3.5628e-07  -8.907e-08
-3.5628e-07 1.54244e-05 3.85609e-06
 -8.907e-08 3.85609e-06 9.64023e-07
0.0749971
-0.00065449
-0.000163624
predict: i= 57
5.62469e-05 -3.5628e-07  -8.907e-08
-3.5628e-07 1.54244e-05 3.85609e-06
 -8.907e-08 3.85609e-06 9.64023e-07
0.0749971
-0.00065449
-0.000163624
observe: i= 57
5.62469e-05 -3.5628e-07  -8.907e-08
-3.5628e-07 1.54244e-05 3.85609e-06
 -8.907e-08 3.85609e-06 9.64023e-07
0.0749971
-0.00065449
-0.000163624
predict: i= 58
5.62469e-05 -3.5628e-07  -8.907e-08
-3.5628e-07 1.54244e-05 3.85609e-06
 -8.907e-08 3.85609e-06 9.64023e-07
0.0749971
-0.00065449
-0.000163624
observe: i= 58
5.62469e-05 -3.5628e-07  -8.907e-08
-3.5628e-07 1.54244e-05 3.85609e-06
 -8.907e-08 3.85609e-06 9.64023e-07
0.0749971
-0.00065449
-0.000163624
predict: i= 59
5.62469e-05 -3.5628e-07  -8.907e-08
-3.5628e-07 1.54244e-05 3.85609e-06
 -8.907e-08 3.85609e-06 9.64023e-07
0.0749971
-0.00065449
-0.000163624
observe: i= 59
5.62469e-05 -3.5628e-07  -8.907e-08
-3.5628e-07 1.54244e-05 3.85609e-06
 -8.907e-08 3.85609e-06 9.64023e-07
0.0749971
-0.00065449
-0.000163624
predict: i= 60
5.62469e-05 -3.5628e-07  -8.907e-08
-3.5628e-07 1.54244e-05 3.85609e-06
 -8.907e-08 3.85609e-06 9.64023e-07
0.0749971
-0.00065449
-0.000163624
observe: i= 60
5.62469e-05 -3.5628e-07  -8.907e-08
-3.5628e-07 1.54244e-05 3.85609e-06
 -8.907e-08 3.85609e-06 9.64023e-07
0.0749971
-0.00065449
-0.000163624
predict: i= 61
5.62469e-05 -3.5628e-07  -8.907e-08
-3.5628e-07 1.54244e-05 3.85609e-06
 -8.907e-08 3.85609e-06 9.64023e-07
0.0749971
-0.00065449
-0.000163624
observe: i= 61
5.62469e-05 -3.5628e-07  -8.907e-08
-3.5628e-07 1.54244e-05 3.85609e-06
 -8.907e-08 3.85609e-06 9.64023e-07
0.0749971
-0.00065449
-0.000163624
predict: i= 62
5.62469e-05 -3.5628e-07  -8.907e-08
-3.5628e-07 1.54244e-05 3.85609e-06
 -8.907e-08 3.85609e-06 9.64023e-07
0.0749971
-0.00065449
-0.000163624
observe: i= 62
5.62469e-05 -3.5628e-07  -8.907e-08
-3.5628e-07 1.54244e-05 3.85609e-06
 -8.907e-08 3.85609e-06 9.64023e-07
0.0749971
-0.00065449
-0.000163624
predict: i= 63
5.62469e-05 -3.5628e-07  -8.907e-08
-3.5628e-07 1.54244e-05 3.85609e-06
 -8.907e-08 3.85609e-06 9.64023e-07
0.0749971
-0.00065449
-0.000163624
observe: i= 63
5.62469e-05 -3.5628e-07  -8.907e-08
-3.5628e-07 1.54244e-05 3.85609e-06
 -8.907e-08 3.85609e-06 9.64023e-07
0.0749971
-0.00065449
-0.000163624
predict: i= 64
5.62469e-05 -3.5628e-07  -8.907e-08
-3.5628e-07 1.54244e-05 3.85609e-06
 -8.907e-08 3.85609e-06 9.64023e-07
0.0749971
-0.00065449
-0.000163624
observe: i= 64
5.62469e-05 -3.5628e-07  -8.907e-08
-3.5628e-07 1.54244e-05 3.85609e-06
 -8.907e-08 3.85609e-06 9.64023e-07
0.0749971
-0.00065449
-0.000163624
predict: i= 65
5.62469e-05 -3.5628e-07  -8.907e-08
-3.5628e-07 1.54244e-05 3.85609e-06
 -8.907e-08 3.85609e-06 9.64023e-07
0.0749971
-0.00065449
-0.000163624
observe: i= 65
5.62469e-05 -3.5628e-07  -8.907e-08
-3.5628e-07 1.54244e-05 3.85609e-06
 -8.907e-08 3.85609e-06 9.64023e-07
0.0749971
-0.00065449
-0.000163624
predict: i= 66
5.62469e-05 -3.5628e-07  -8.907e-08
-3.5628e-07 1.54244e-05 3.85609e-06
 -8.907e-08 3.85609e-06 9.64023e-07
0.0749971
-0.00065449
-0.000163624
observe: i= 66
5.62469e-05 -3.5628e-07  -8.907e-08
-3.5628e-07 1.54244e-05 3.85609e-06
 -8.907e-08 3.85609e-06 9.64023e-07
0.0749971
-0.00065449
-0.000163624
predict: i= 67
5.62469e-05 -3.5628e-07  -8.907e-08
-3.5628e-07 1.54244e-05 3.85609e-06
 -8.907e-08 3.85609e-06 9.64023e-07
0.0749971
-0.00065449
-0.000163624
observe: i= 67
5.62469e-05 -3.5628e-07  -8.907e-08
-3.5628e-07 1.54244e-05 3.85609e-06
 -8.907e-08 3.85609e-06 9.64023e-07
0.0749971
-0.00065449
-0.000163624
predict: i= 68
5.62469e-05 -3.5628e-07  -8.907e-08
-3.5628e-07 1.54244e-05 3.85609e-06
 -8.907e-08 3.85609e-06 9.64023e-07
0.0749971
-0.00065449
-0.000163624
observe: i= 68
5.62469e-05 -3.5628e-07  -8.907e-08
-3.5628e-07 1.54244e-05 3.85609e-06
 -8.907e-08 3.85609e-06 9.64023e-07
0.0749971
-0.00065449
-0.000163624
predict: i= 69
5.62469e-05 -3.5628e-07  -8.907e-08
-3.5628e-07 1.54244e-05 3.85609e-06
 -8.907e-08 3.85609e-06 9.64023e-07
0.0749971
-0.00065449
-0.000163624
observe: i= 69
5.62469e-05 -3.5628e-07  -8.907e-08
-3.5628e-07 1.54244e-05 3.85609e-06
 -8.907e-08 3.85609e-06 9.64023e-07
0.0749971
-0.00065449
-0.000163624
predict: i= 70
5.62469e-05 -3.5628e-07  -8.907e-08
-3.5628e-07 1.54244e-05 3.85609e-06
 -8.907e-08 3.85609e-06 9.64023e-07
0.0749971
-0.00065449
-0.000163624
observe: i= 70
5.62469e-05 -3.5628e-07  -8.907e-08
-3.5628e-07 1.54244e-05 3.85609e-06
 -8.907e-08 3.85609e-06 9.64023e-07
0.0749971
-0.00065449
-0.000163624
predict: i= 71
5.62469e-05 -3.5628e-07  -8.907e-08
-3.5628e-07 1.54244e-05 3.85609e-06
 -8.907e-08 3.85609e-06 9.64023e-07
0.0749971
-0.00065449
-0.000163624
observe: i= 71
5.62469e-05 -3.5628e-07  -8.907e-08
-3.5628e-07 1.54244e-05 3.85609e-06
 -8.907e-08 3.85609e-06 9.64023e-07
0.0749971
-0.00065449
-0.000163624
predict: i= 72
5.62469e-05 -3.5628e-07  -8.907e-08
-3.5628e-07 1.54244e-05 3.85609e-06
 -8.907e-08 3.85609e-06 9.64023e-07
0.0749971
-0.00065449
-0.000163624
observe: i= 72
5.62469e-05 -3.5628e-07  -8.907e-08
-3.5628e-07 1.54244e-05 3.85609e-06
 -8.907e-08 3.85609e-06 9.64023e-07
0.0749971
-0.00065449
-0.000163624
predict: i= 73
5.62469e-05 -3.5628e-07  -8.907e-08
-3.5628e-07 1.54244e-05 3.85609e-06
 -8.907e-08 3.85609e-06 9.64023e-07
0.0749971
-0.00065449
-0.000163624
observe: i= 73
5.62469e-05 -3.5628e-07  -8.907e-08
-3.5628e-07 1.54244e-05 3.85609e-06
 -8.907e-08 3.85609e-06 9.64023e-07
0.0749971
-0.00065449
-0.000163624
predict: i= 74
5.62469e-05 -3.5628e-07  -8.907e-08
-3.5628e-07 1.54244e-05 3.85609e-06
 -8.907e-08 3.85609e-06 9.64023e-07
0.0749971
-0.00065449
-0.000163624
observe: i= 74
5.62469e-05 -3.5628e-07  -8.907e-08
-3.5628e-07 1.54244e-05 3.85609e-06
 -8.907e-08 3.85609e-06 9.64023e-07
0.0749971
-0.00065449
-0.000163624
predict: i= 75
5.62469e-05 -3.5628e-07  -8.907e-08
-3.5628e-07 1.54244e-05 3.85609e-06
 -8.907e-08 3.85609e-06 9.64023e-07
0.0749971
-0.00065449
-0.000163624
observe: i= 75
5.62469e-05 -3.5628e-07  -8.907e-08
-3.5628e-07 1.54244e-05 3.85609e-06
 -8.907e-08 3.85609e-06 9.64023e-07
0.0749971
-0.00065449
-0.000163624
predict: i= 76
5.62469e-05 -3.5628e-07  -8.907e-08
-3.5628e-07 1.54244e-05 3.85609e-06
 -8.907e-08 3.85609e-06 9.64023e-07
0.0749971
-0.00065449
-0.000163624
observe: i= 76
5.62469e-05 -3.5628e-07  -8.907e-08
-3.5628e-07 1.54244e-05 3.85609e-06
 -8.907e-08 3.85609e-06 9.64023e-07
0.0749971
-0.00065449
-0.000163624
predict: i= 77
5.62469e-05 -3.5628e-07  -8.907e-08
-3.5628e-07 1.54244e-05 3.85609e-06
 -8.907e-08 3.85609e-06 9.64023e-07
0.0749971
-0.00065449
-0.000163624
observe: i= 77
5.62469e-05 -3.5628e-07  -8.907e-08
-3.5628e-07 1.54244e-05 3.85609e-06
 -8.907e-08 3.85609e-06 9.64023e-07
0.0749971
-0.00065449
-0.000163624
predict: i= 78
5.62469e-05 -3.5628e-07  -8.907e-08
-3.5628e-07 1.54244e-05 3.85609e-06
 -8.907e-08 3.85609e-06 9.64023e-07
0.0749971
-0.00065449
-0.000163624
observe: i= 78
5.62469e-05 -3.5628e-07  -8.907e-08
-3.5628e-07 1.54244e-05 3.85609e-06
 -8.907e-08 3.85609e-06 9.64023e-07
0.0749971
-0.00065449
-0.000163624
predict: i= 79
5.62469e-05 -3.5628e-07  -8.907e-08
-3.5628e-07 1.54244e-05 3.85609e-06
 -8.907e-08 3.85609e-06 9.64023e-07
0.0749971
-0.00065449
-0.000163624
observe: i= 79
5.62469e-05 -3.5628e-07  -8.907e-08
-3.5628e-07 1.54244e-05 3.85609e-06
 -8.907e-08 3.85609e-06 9.64023e-07
0.0749971
-0.00065449
-0.000163624
predict: i= 80
5.62469e-05 -3.5628e-07  -8.907e-08
-3.5628e-07 1.54244e-05 3.85609e-06
 -8.907e-08 3.85609e-06 9.64023e-07
0.0749971
-0.00065449
-0.000163624
observe: i= 80
5.62469e-05 -3.5628e-07  -8.907e-08
-3.5628e-07 1.54244e-05 3.85609e-06
 -8.907e-08 3.85609e-06 9.64023e-07
0.0749971
-0.00065449
-0.000163624
predict: i= 81
5.62469e-05 -3.5628e-07  -8.907e-08
-3.5628e-07 1.54244e-05 3.85609e-06
 -8.907e-08 3.85609e-06 9.64023e-07
0.0749971
-0.00065449
-0.000163624
observe: i= 81
5.62469e-05 -3.5628e-07  -8.907e-08
-3.5628e-07 1.54244e-05 3.85609e-06
 -8.907e-08 3.85609e-06 9.64023e-07
0.0749971
-0.00065449
-0.000163624
predict: i= 82
5.62469e-05 -3.5628e-07  -8.907e-08
-3.5628e-07 1.54244e-05 3.85609e-06
 -8.907e-08 3.85609e-06 9.64023e-07
0.0749971
-0.00065449
-0.000163624
observe: i= 82
5.62469e-05 -3.5628e-07  -8.907e-08
-3.5628e-07 1.54244e-05 3.85609e-06
 -8.907e-08 3.85609e-06 9.64023e-07
0.0749971
-0.00065449
-0.000163624
predict: i= 83
5.62469e-05 -3.5628e-07  -8.907e-08
-3.5628e-07 1.54244e-05 3.85609e-06
 -8.907e-08 3.85609e-06 9.64023e-07
0.0749971
-0.00065449
-0.000163624
observe: i= 83
5.62469e-05 -3.5628e-07  -8.907e-08
-3.5628e-07 1.54244e-05 3.85609e-06
 -8.907e-08 3.85609e-06 9.64023e-07
0.0749971
-0.00065449
-0.000163624
predict: i= 84
5.62469e-05 -3.5628e-07  -8.907e-08
-3.5628e-07 1.54244e-05 3.85609e-06
 -8.907e-08 3.85609e-06 9.64023e-07
0.0749971
-0.00065449
-0.000163624
observe: i= 84
5.62469e-05 -3.5628e-07  -8.907e-08
-3.5628e-07 1.54244e-05 3.85609e-06
 -8.907e-08 3.85609e-06 9.64023e-07
0.0749971
-0.00065449
-0.000163624
predict: i= 85
5.62469e-05 -3.5628e-07  -8.907e-08
-3.5628e-07 1.54244e-05 3.85609e-06
 -8.907e-08 3.85609e-06 9.64023e-07
0.0749971
-0.00065449
-0.000163624
observe: i= 85
5.62469e-05 -3.5628e-07  -8.907e-08
-3.5628e-07 1.54244e-05 3.85609e-06
 -8.907e-08 3.85609e-06 9.64023e-07
0.0749971
-0.00065449
-0.000163624
predict: i= 86
5.62469e-05 -3.5628e-07  -8.907e-08
-3.5628e-07 1.54244e-05 3.85609e-06
 -8.907e-08 3.85609e-06 9.64023e-07
0.0749971
-0.00065449
-0.000163624
observe: i= 86
5.62469e-05 -3.5628e-07  -8.907e-08
-3.5628e-07 1.54244e-05 3.85609e-06
 -8.907e-08 3.85609e-06 9.64023e-07
0.0749971
-0.00065449
-0.000163624
predict: i= 87
5.62469e-05 -3.5628e-07  -8.907e-08
-3.5628e-07 1.54244e-05 3.85609e-06
 -8.907e-08 3.85609e-06 9.64023e-07
0.0749971
-0.00065449
-0.000163624
observe: i= 87
5.62469e-05 -3.5628e-07  -8.907e-08
-3.5628e-07 1.54244e-05 3.85609e-06
 -8.907e-08 3.85609e-06 9.64023e-07
0.0749971
-0.00065449
-0.000163624
predict: i= 88
5.62469e-05 -3.5628e-07  -8.907e-08
-3.5628e-07 1.54244e-05 3.85609e-06
 -8.907e-08 3.85609e-06 9.64023e-07
0.0749971
-0.00065449
-0.000163624
observe: i= 88
5.62469e-05 -3.5628e-07  -8.907e-08
-3.5628e-07 1.54244e-05 3.85609e-06
 -8.907e-08 3.85609e-06 9.64023e-07
0.0749971
-0.00065449
-0.000163624
predict: i= 89
5.62469e-05 -3.5628e-07  -8.907e-08
-3.5628e-07 1.54244e-05 3.85609e-06
 -8.907e-08 3.85609e-06 9.64023e-07
0.0749971
-0.00065449
-0.000163624
observe: i= 89
5.62469e-05 -3.5628e-07  -8.907e-08
-3.5628e-07 1.54244e-05 3.85609e-06
 -8.907e-08 3.85609e-06 9.64023e-07
0.0749971
-0.00065449
-0.000163624
predict: i= 90
5.62469e-05 -3.5628e-07  -8.907e-08
-3.5628e-07 1.54244e-05 3.85609e-06
 -8.907e-08 3.85609e-06 9.64023e-07
0.0749971
-0.00065449
-0.000163624
observe: i= 90
5.62469e-05 -3.5628e-07  -8.907e-08
-3.5628e-07 1.54244e-05 3.85609e-06
 -8.907e-08 3.85609e-06 9.64023e-07
0.0749971
-0.00065449
-0.000163624
predict: i= 91
5.62469e-05 -3.5628e-07  -8.907e-08
-3.5628e-07 1.54244e-05 3.85609e-06
 -8.907e-08 3.85609e-06 9.64023e-07
0.0749971
-0.00065449
-0.000163624
observe: i= 91
5.62469e-05 -3.5628e-07  -8.907e-08
-3.5628e-07 1.54244e-05 3.85609e-06
 -8.907e-08 3.85609e-06 9.64023e-07
0.0749971
-0.00065449
-0.000163624
predict: i= 92
5.62469e-05 -3.5628e-07  -8.907e-08
-3.5628e-07 1.54244e-05 3.85609e-06
 -8.907e-08 3.85609e-06 9.64023e-07
0.0749971
-0.00065449
-0.000163624
observe: i= 92
5.62469e-05 -3.5628e-07  -8.907e-08
-3.5628e-07 1.54244e-05 3.85609e-06
 -8.907e-08 3.85609e-06 9.64023e-07
0.0749971
-0.00065449
-0.000163624
predict: i= 93
5.62469e-05 -3.5628e-07  -8.907e-08
-3.5628e-07 1.54244e-05 3.85609e-06
 -8.907e-08 3.85609e-06 9.64023e-07
0.0749971
-0.00065449
-0.000163624
observe: i= 93
5.62469e-05 -3.5628e-07  -8.907e-08
-3.5628e-07 1.54244e-05 3.85609e-06
 -8.907e-08 3.85609e-06 9.64023e-07
0.0749971
-0.00065449
-0.000163624
predict: i= 94
5.62469e-05 -3.5628e-07  -8.907e-08
-3.5628e-07 1.54244e-05 3.85609e-06
 -8.907e-08 3.85609e-06 9.64023e-07
0.0749971
-0.00065449
-0.000163624
observe: i= 94
5.62469e-05 -3.5628e-07  -8.907e-08
-3.5628e-07 1.54244e-05 3.85609e-06
 -8.907e-08 3.85609e-06 9.64023e-07
0.0749971
-0.00065449
-0.000163624
predict: i= 95
5.62469e-05 -3.5628e-07  -8.907e-08
-3.5628e-07 1.54244e-05 3.85609e-06
 -8.907e-08 3.85609e-06 9.64023e-07
0.0749971
-0.00065449
-0.000163624
observe: i= 95
5.62469e-05 -3.5628e-07  -8.907e-08
-3.5628e-07 1.54244e-05 3.85609e-06
 -8.907e-08 3.85609e-06 9.64023e-07
0.0749971
-0.00065449
-0.000163624
predict: i= 96
5.62469e-05 -3.5628e-07  -8.907e-08
-3.5628e-07 1.54244e-05 3.85609e-06
 -8.907e-08 3.85609e-06 9.64023e-07
0.0749971
-0.00065449
-0.000163624
observe: i= 96
5.62469e-05 -3.5628e-07  -8.907e-08
-3.5628e-07 1.54244e-05 3.85609e-06
 -8.907e-08 3.85609e-06 9.64023e-07
0.0749971
-0.00065449
-0.000163624
predict: i= 97
5.62469e-05 -3.5628e-07  -8.907e-08
-3.5628e-07 1.54244e-05 3.85609e-06
 -8.907e-08 3.85609e-06 9.64023e-07
0.0749971
-0.00065449
-0.000163624
observe: i= 97
5.62469e-05 -3.5628e-07  -8.907e-08
-3.5628e-07 1.54244e-05 3.85609e-06
 -8.907e-08 3.85609e-06 9.64023e-07
0.0749971
-0.00065449
-0.000163624
predict: i= 98
5.62469e-05 -3.5628e-07  -8.907e-08
-3.5628e-07 1.54244e-05 3.85609e-06
 -8.907e-08 3.85609e-06 9.64023e-07
0.0749971
-0.00065449
-0.000163624
observe: i= 98
5.62469e-05 -3.5628e-07  -8.907e-08
-3.5628e-07 1.54244e-05 3.85609e-06
 -8.907e-08 3.85609e-06 9.64023e-07
0.0749971
-0.00065449
-0.000163624
predict: i= 99
5.62469e-05 -3.5628e-07  -8.907e-08
-3.5628e-07 1.54244e-05 3.85609e-06
 -8.907e-08 3.85609e-06 9.64023e-07
0.0749971
-0.00065449
-0.000163624
observe: i= 99
5.62469e-05 -3.5628e-07  -8.907e-08
-3.5628e-07 1.54244e-05 3.85609e-06
 -8.907e-08 3.85609e-06 9.64023e-07
0.0749971
-0.00065449
-0.000163624
predict: i= 0
 0.000112484  -1.0769e-06 -2.65278e-07
 -1.0769e-06   3.1442e-05  7.78684e-06
-2.65278e-07  7.78684e-06  1.92863e-06
0.149986
-0.00197569
-0.000490873
observe: i= 0
 0.000112484  -1.0769e-06 -2.65278e-07
 -1.0769e-06   3.1442e-05  7.78684e-06
-2.65278e-07  7.78684e-06  1.92863e-06
0.149986
-0.00197569
-0.000490873
predict: i= 1
 0.000112484  -1.0769e-06 -2.65278e-07
 -1.0769e-06   3.1442e-05  7.78684e-06
-2.65278e-07  7.78684e-06  1.92863e-06
0.149986
-0.00197569
-0.000490873
observe: i= 1
 0.000112484  -1.0769e-06 -2.65278e-07
 -1.0769e-06   3.1442e-05  7.78684e-06
-2.65278e-07  7.78684e-06  1.92863e-06
0.149986
-0.00197569
-0.000490873
predict: i= 2
 0.000112484  -1.0769e-06 -2.65278e-07
 -1.0769e-06   3.1442e-05  7.78684e-06
-2.65278e-07  7.78684e-06  1.92863e-06
0.149986
-0.00197569
-0.000490873
observe: i= 2
 0.000112484  -1.0769e-06 -2.65278e-07
 -1.0769e-06   3.1442e-05  7.78684e-06
-2.65278e-07  7.78684e-06  1.92863e-06
0.149986
-0.00197569
-0.000490873
predict: i= 3
 0.000112484  -1.0769e-06 -2.65278e-07
 -1.0769e-06   3.1442e-05  7.78684e-06
-2.65278e-07  7.78684e-06  1.92863e-06
0.149986
-0.00197569
-0.000490873
observe: i= 3
 0.000112484  -1.0769e-06 -2.65278e-07
 -1.0769e-06   3.1442e-05  7.78684e-06
-2.65278e-07  7.78684e-06  1.92863e-06
0.149986
-0.00197569
-0.000490873
predict: i= 4
 0.000112484  -1.0769e-06 -2.65278e-07
 -1.0769e-06   3.1442e-05  7.78684e-06
-2.65278e-07  7.78684e-06  1.92863e-06
0.149986
-0.00197569
-0.000490873
observe: i= 4
 0.000112484  -1.0769e-06 -2.65278e-07
 -1.0769e-06   3.1442e-05  7.78684e-06
-2.65278e-07  7.78684e-06  1.92863e-06
0.149986
-0.00197569
-0.000490873
predict: i= 5
 0.000112484  -1.0769e-06 -2.65278e-07
 -1.0769e-06   3.1442e-05  7.78684e-06
-2.65278e-07  7.78684e-06  1.92863e-06
0.149986
-0.00197569
-0.000490873
observe: i= 5
 0.000112484  -1.0769e-06 -2.65278e-07
 -1.0769e-06   3.1442e-05  7.78684e-06
-2.65278e-07  7.78684e-06  1.92863e-06
0.149986
-0.00197569
-0.000490873
predict: i= 6
 0.000112484  -1.0769e-06 -2.65278e-07
 -1.0769e-06   3.1442e-05  7.78684e-06
-2.65278e-07  7.78684e-06  1.92863e-06
0.149986
-0.00197569
-0.000490873
observe: i= 6
 0.000112484  -1.0769e-06 -2.65278e-07
 -1.0769e-06   3.1442e-05  7.78684e-06
-2.65278e-07  7.78684e-06  1.92863e-06
0.149986
-0.00197569
-0.000490873
predict: i= 7
 0.000112484  -1.0769e-06 -2.65278e-07
 -1.0769e-06   3.1442e-05  7.78684e-06
-2.65278e-07  7.78684e-06  1.92863e-06
0.149986
-0.00197569
-0.000490873
observe: i= 7
 0.000112484  -1.0769e-06 -2.65278e-07
 -1.0769e-06   3.1442e-05  7.78684e-06
-2.65278e-07  7.78684e-06  1.92863e-06
0.149986
-0.00197569
-0.000490873
predict: i= 8
 0.000112484  -1.0769e-06 -2.65278e-07
 -1.0769e-06   3.1442e-05  7.78684e-06
-2.65278e-07  7.78684e-06  1.92863e-06
0.149986
-0.00197569
-0.000490873
observe: i= 8
 0.000112484  -1.0769e-06 -2.65278e-07
 -1.0769e-06   3.1442e-05  7.78684e-06
-2.65278e-07  7.78684e-06  1.92863e-06
0.149986
-0.00197569
-0.000490873
predict: i= 9
 0.000112484  -1.0769e-06 -2.65278e-07
 -1.0769e-06   3.1442e-05  7.78684e-06
-2.65278e-07  7.78684e-06  1.92863e-06
0.149986
-0.00197569
-0.000490873
observe: i= 9
 0.000112484  -1.0769e-06 -2.65278e-07
 -1.0769e-06   3.1442e-05  7.78684e-06
-2.65278e-07  7.78684e-06  1.92863e-06
0.149986
-0.00197569
-0.000490873
predict: i= 10
 0.000112484  -1.0769e-06 -2.65278e-07
 -1.0769e-06   3.1442e-05  7.78684e-06
-2.65278e-07  7.78684e-06  1.92863e-06
0.149986
-0.00197569
-0.000490873
observe: i= 10
 0.000112484  -1.0769e-06 -2.65278e-07
 -1.0769e-06   3.1442e-05  7.78684e-06
-2.65278e-07  7.78684e-06  1.92863e-06
0.149986
-0.00197569
-0.000490873
predict: i= 11
 0.000112484  -1.0769e-06 -2.65278e-07
 -1.0769e-06   3.1442e-05  7.78684e-06
-2.65278e-07  7.78684e-06  1.92863e-06
0.149986
-0.00197569
-0.000490873
observe: i= 11
 0.000112484  -1.0769e-06 -2.65278e-07
 -1.0769e-06   3.1442e-05  7.78684e-06
-2.65278e-07  7.78684e-06  1.92863e-06
0.149986
-0.00197569
-0.000490873
predict: i= 12
 0.000112484  -1.0769e-06 -2.65278e-07
 -1.0769e-06   3.1442e-05  7.78684e-06
-2.65278e-07  7.78684e-06  1.92863e-06
0.149986
-0.00197569
-0.000490873
observe: i= 12
 0.000112484  -1.0769e-06 -2.65278e-07
 -1.0769e-06   3.1442e-05  7.78684e-06
-2.65278e-07  7.78684e-06  1.92863e-06
0.149986
-0.00197569
-0.000490873
predict: i= 13
 0.000112484  -1.0769e-06 -2.65278e-07
 -1.0769e-06   3.1442e-05  7.78684e-06
-2.65278e-07  7.78684e-06  1.92863e-06
0.149986
-0.00197569
-0.000490873
observe: i= 13
 0.000112484  -1.0769e-06 -2.65278e-07
 -1.0769e-06   3.1442e-05  7.78684e-06
-2.65278e-07  7.78684e-06  1.92863e-06
0.149986
-0.00197569
-0.000490873
predict: i= 14
 0.000112484  -1.0769e-06 -2.65278e-07
 -1.0769e-06   3.1442e-05  7.78684e-06
-2.65278e-07  7.78684e-06  1.92863e-06
0.149986
-0.00197569
-0.000490873
observe: i= 14
 0.000112484  -1.0769e-06 -2.65278e-07
 -1.0769e-06   3.1442e-05  7.78684e-06
-2.65278e-07  7.78684e-06  1.92863e-06
0.149986
-0.00197569
-0.000490873
predict: i= 15
 0.000112484  -1.0769e-06 -2.65278e-07
 -1.0769e-06   3.1442e-05  7.78684e-06
-2.65278e-07  7.78684e-06  1.92863e-06
0.149986
-0.00197569
-0.000490873
observe: i= 15
 0.000112484  -1.0769e-06 -2.65278e-07
 -1.0769e-06   3.1442e-05  7.78684e-06
-2.65278e-07  7.78684e-06  1.92863e-06
0.149986
-0.00197569
-0.000490873
predict: i= 16
 0.000112484  -1.0769e-06 -2.65278e-07
 -1.0769e-06   3.1442e-05  7.78684e-06
-2.65278e-07  7.78684e-06  1.92863e-06
0.149986
-0.00197569
-0.000490873
observe: i= 16
 0.000112484  -1.0769e-06 -2.65278e-07
 -1.0769e-06   3.1442e-05  7.78684e-06
-2.65278e-07  7.78684e-06  1.92863e-06
0.149986
-0.00197569
-0.000490873
predict: i= 17
 0.000112484  -1.0769e-06 -2.65278e-07
 -1.0769e-06   3.1442e-05  7.78684e-06
-2.65278e-07  7.78684e-06  1.92863e-06
0.149986
-0.00197569
-0.000490873
observe: i= 17
 0.000112484  -1.0769e-06 -2.65278e-07
 -1.0769e-06   3.1442e-05  7.78684e-06
-2.65278e-07  7.78684e-06  1.92863e-06
0.149986
-0.00197569
-0.000490873
predict: i= 18
 0.000112484  -1.0769e-06 -2.65278e-07
 -1.0769e-06   3.1442e-05  7.78684e-06
-2.65278e-07  7.78684e-06  1.92863e-06
0.149986
-0.00197569
-0.000490873
observe: i= 18
 0.000112484  -1.0769e-06 -2.65278e-07
 -1.0769e-06   3.1442e-05  7.78684e-06
-2.65278e-07  7.78684e-06  1.92863e-06
0.149986
-0.00197569
-0.000490873
predict: i= 19
 0.000112484  -1.0769e-06 -2.65278e-07
 -1.0769e-06   3.1442e-05  7.78684e-06
-2.65278e-07  7.78684e-06  1.92863e-06
0.149986
-0.00197569
-0.000490873
observe: i= 19
 0.000112484  -1.0769e-06 -2.65278e-07
 -1.0769e-06   3.1442e-05  7.78684e-06
-2.65278e-07  7.78684e-06  1.92863e-06
0.149986
-0.00197569
-0.000490873
predict: i= 20
 0.000112484  -1.0769e-06 -2.65278e-07
 -1.0769e-06   3.1442e-05  7.78684e-06
-2.65278e-07  7.78684e-06  1.92863e-06
0.149986
-0.00197569
-0.000490873
observe: i= 20
 0.000112484  -1.0769e-06 -2.65278e-07
 -1.0769e-06   3.1442e-05  7.78684e-06
-2.65278e-07  7.78684e-06  1.92863e-06
0.149986
-0.00197569
-0.000490873
predict: i= 21
 0.000112484  -1.0769e-06 -2.65278e-07
 -1.0769e-06   3.1442e-05  7.78684e-06
-2.65278e-07  7.78684e-06  1.92863e-06
0.149986
-0.00197569
-0.000490873
observe: i= 21
 0.000112484  -1.0769e-06 -2.65278e-07
 -1.0769e-06   3.1442e-05  7.78684e-06
-2.65278e-07  7.78684e-06  1.92863e-06
0.149986
-0.00197569
-0.000490873
predict: i= 22
 0.000112484  -1.0769e-06 -2.65278e-07
 -1.0769e-06   3.1442e-05  7.78684e-06
-2.65278e-07  7.78684e-06  1.92863e-06
0.149986
-0.00197569
-0.000490873
observe: i= 22
 0.000112484  -1.0769e-06 -2.65278e-07
 -1.0769e-06   3.1442e-05  7.78684e-06
-2.65278e-07  7.78684e-06  1.92863e-06
0.149986
-0.00197569
-0.000490873
predict: i= 23
 0.000112484  -1.0769e-06 -2.65278e-07
 -1.0769e-06   3.1442e-05  7.78684e-06
-2.65278e-07  7.78684e-06  1.92863e-06
0.149986
-0.00197569
-0.000490873
observe: i= 23
 0.000112484  -1.0769e-06 -2.65278e-07
 -1.0769e-06   3.1442e-05  7.78684e-06
-2.65278e-07  7.78684e-06  1.92863e-06
0.149986
-0.00197569
-0.000490873
predict: i= 24
 0.000112484  -1.0769e-06 -2.65278e-07
 -1.0769e-06   3.1442e-05  7.78684e-06
-2.65278e-07  7.78684e-06  1.92863e-06
0.149986
-0.00197569
-0.000490873
observe: i= 24
 0.000112484  -1.0769e-06 -2.65278e-07
 -1.0769e-06   3.1442e-05  7.78684e-06
-2.65278e-07  7.78684e-06  1.92863e-06
0.149986
-0.00197569
-0.000490873
predict: i= 25
 0.000112484  -1.0769e-06 -2.65278e-07
 -1.0769e-06   3.1442e-05  7.78684e-06
-2.65278e-07  7.78684e-06  1.92863e-06
